Run semi-empirical minimization
 &qmmm
  scfconv=1.d-8  qmcharge=1,
 /
   6   CAY       -3.0180       12.6940       -7.7390 
   1   HY1       -3.1300       13.7000       -8.1970 
   1   HY2       -3.5080       11.9500       -8.4030 
   1   HY3       -1.9570       12.4110       -7.9070 
   6    CY       -3.4570       12.5620       -6.3280 
   8    OY       -4.2020       13.3550       -5.7880 
   7     N       -2.9960       11.4850       -5.6310 
   1    HN       -2.4490       10.7550       -6.0340 
   6    CA       -3.2750       11.2960       -4.2190 
   1    HA       -3.0010       12.2610       -3.8190 
   6    CB       -4.7770       11.0280       -3.9390 
   1   HB1       -5.4120       11.6560       -4.6000 
   1   HB2       -4.9380        9.9370       -4.0770 
   8    OG       -5.1040       11.4050       -2.5540 
   1   HG1       -6.0390       11.2300       -2.4240 
   6     C       -2.3810       10.2210       -3.6050 
   8     O       -1.3550        9.8710       -4.1820 
   7     N       -2.7300        9.8470       -2.3200 
   1    HN       -3.4040       10.3340       -1.7690 
   6    CA       -2.0870        8.7770       -1.6120 
   1    HA       -1.0170        8.7920       -1.7530 
   6    CB       -2.4660        8.7630       -0.0850 
   1   HB1       -3.5500        8.5320       -0.0090 
   1   HB2       -1.9550        7.8700        0.3350 
   6    CG       -2.1190       10.0000        0.7000 
   6   CD1       -2.7250       11.3160        0.7330 
   1   HD1       -3.6610       11.6890        0.3450 
   7   NE1       -1.9210       12.1670        1.4620 
   1   HE1       -1.9800       13.1310        1.6040 
   6   CE2       -0.6830       11.6060        1.5660 
   6   CD2       -0.7760       10.2130        1.1310 
   6   CE3        0.3100        9.3970        1.1340 
   1   HE3        0.2250        8.3470        0.8970 
   6   CZ3        1.4780        9.9270        1.6720 
   1   HZ3        2.3510        9.2990        1.7730 
   6   CZ2        0.5000       12.0980        2.0150 
   1   HZ2        0.5320       13.1010        2.4130 
   6   CH2        1.5620       11.2550        2.1570 
   1   HH2        2.4350       11.7310        2.5770 
   6     C       -2.7050        7.5000       -2.2390 
   8     O       -3.9510        7.2710       -2.1470 
   7     N       -1.8840        6.5850       -2.7900 
   1    HN       -0.9050        6.7680       -2.7450 
   6    CA       -2.2320        5.2150       -3.2100 
   1    HA       -3.2980        5.0990       -3.0830 
   6    CB       -1.8860        4.8140       -4.6670 
   1    HB       -2.4160        3.8740       -4.9320 
   8   OG1       -0.5150        4.7230       -4.9330 
   1   HG1       -0.3350        3.8800       -5.3550 
   6   CG2       -2.4600        5.8940       -5.5410 
   1  HG21       -2.3070        5.6930       -6.6230 
   1  HG22       -3.5490        6.0280       -5.3670 
   1  HG23       -1.8440        6.8060       -5.3910 
   6     C       -1.5150        4.2280       -2.3360 
   8     O       -0.6140        4.5990       -1.6070 
   7     N       -2.0230        2.9910       -2.4240 
   1    HN       -2.7940        2.8540       -3.0410 
   6    CA       -1.2710        1.8680       -1.8190 
   1    HA       -0.8370        2.1300       -0.8650 
   6    CB       -2.1150        0.5190       -1.5230 
   1   HB1       -3.0920        0.8590       -1.1180 
   1   HB2       -2.2590       -0.1230       -2.4190 
   6    CG       -1.5620       -0.3650       -0.3600 
   6   CD1       -1.0870       -1.6010       -0.5800 
   1   HD1       -0.7420       -1.7700       -1.5890 
   7   NE1       -0.8930       -2.2720        0.6340 
   1   HE1       -0.2690       -3.0220        0.6580 
   6   CE2       -1.2150       -1.3880        1.6580 
   6   CD2       -1.6380       -0.1390        1.0540 
   6   CE3       -2.0110        0.9290        1.8790 
   1   HE3       -2.3560        1.8770        1.4950 
   6   CZ3       -2.1230        0.6480        3.2690 
   1   HZ3       -2.7170        1.3430        3.8440 
   6   CZ2       -1.2460       -1.6380        3.0090 
   1   HZ2       -0.9730       -2.5850        3.4530 
   6   CH2       -1.7750       -0.5880        3.8190 
   1   HH2       -1.9060       -0.8620        4.8550 
   6     C       -0.1630        1.4400       -2.7430 
   8     O       -0.2140        1.5990       -3.9360 
   7     N        0.9470        0.9500       -2.1390 
   1    HN        1.1460        0.9630       -1.1630 
   6    CA        2.0400        0.5200       -3.0370 
   1    HA        1.7620        0.1320       -4.0050 
   6    CB        2.9540        1.7930       -3.2000 
   1   HB1        2.4320        2.5620       -3.8080 
   1   HB2        3.1220        2.2130       -2.1850 
   6    CG        4.3080        1.5960       -3.9270 
   1   HG1        4.8560        0.6820       -3.6120 
   1   HG2        4.1470        1.6120       -5.0270 
   6    CD        5.1010        2.8400       -3.6330 
   8   OE1        5.1700        3.7470       -4.5420 
   8   OE2        5.7350        2.9290       -2.5430 
   6     C        2.7840       -0.5320       -2.2740 
   8     O        3.5500       -0.2070       -1.3410 
   7     N        2.5250       -1.7870       -2.6240 
   1    HN        1.8990       -1.9570       -3.3810 
   6    CA        3.0890       -2.9790       -1.9530 
   1   HA1        4.1470       -2.8910       -1.7560 
   1   HA2        2.9430       -3.7930       -2.6480 
   6     C        2.3980       -3.3930       -0.6490 
   8     O        1.2780       -3.7940       -0.6080 
   7     N        3.0730       -3.1010        0.4200 
   1    HN        4.0110       -2.8020        0.2610 
   6    CA        2.6470       -3.2630        1.7940 
   1    HA        1.6790       -3.7430        1.7710 
   6    CB        3.6400       -4.2090        2.4950 
   1   HB1        3.1930       -4.3580        3.5010 
   1   HB2        3.5820       -5.1820        1.9620 
   6    CG        4.9780       -3.7070        2.6090 
   8   OD1        5.5810       -3.0480        1.7650 
   7   ND2        5.7280       -4.1880        3.6610 
   1  HD21        6.6320       -3.7980        3.8360 
   1  HD22        5.3020       -4.7740        4.3500 
   6     C        2.3650       -2.0300        2.5600 
   8     O        2.2530       -2.0660        3.7390 
   7     N        2.3840       -0.8170        1.9470 
   1    HN        2.2920       -0.6890        0.9620 
   6    CA        2.4140        0.4100        2.6930 
   1    HA        1.6270        0.4150        3.4330 
   6    CB        3.8050        0.6070        3.4440 
   1   HB1        3.7760        1.6620        3.7900 
   1   HB2        3.7010       -0.0530        4.3320 
   6    CG        5.0060        0.2030        2.5720 
   1   HG1        5.6150       -0.5060        3.1730 
   1   HG2        4.7160       -0.4300        1.7060 
   6    CD        5.8590        1.4300        2.2040 
   1   HD1        5.3340        2.3400        2.5660 
   1   HD2        6.8140        1.3650        2.7670 
   6    CE        6.1780        1.6100        0.6680 
   1   HE1        6.9080        2.4480        0.6710 
   1   HE2        6.5820        0.6610        0.2550 
   7    NZ        5.0730        1.9060       -0.1820 
   1   HZ1        4.4890        2.6670        0.2180 
   1   HZ2        5.3550        2.1670       -1.1490 
   1   HZ3        4.4550        1.0970       -0.3940 
   6     C        2.0960        1.5670        1.7840 
   8     O        2.2660        1.4170        0.5840 
   7     N        1.5130        2.7380        2.2680 
   1    HN        1.2250        2.8010        3.2200 
   6    CA        1.1880        3.9600        1.5750 
   1    HA        0.4480        3.6410        0.8560 
   6    CB        0.7940        4.9920        2.5610 
   1   HB1        1.6420        5.2480        3.2320 
   1   HB2        0.5450        5.9320        2.0240 
   6    CG       -0.4060        4.7820        3.4450 
   6   CD1       -0.5430        4.4040        4.7400 
   1   HD1        0.2910        4.0890        5.3490 
   7   NE1       -1.8760        4.1050        4.9650 
   1   HE1       -2.2410        3.6400        5.7420 
   6   CE2       -2.6040        4.3090        3.8760 
   6   CD2       -1.7210        4.7870        2.9140 
   6   CE3       -2.1800        5.1150        1.6890 
   1   HE3       -1.5070        5.5010        0.9380 
   6   CZ3       -3.5460        5.1460        1.4870 
   1   HZ3       -3.9140        5.4260        0.5120 
   6   CZ2       -3.9460        4.1160        3.6150 
   1   HZ2       -4.6560        3.6720        4.2990 
   6   CH2       -4.4250        4.6330        2.4350 
   1   HH2       -5.4850        4.6750        2.2330 
   6     C        2.3260        4.4250        0.6880 
   8     O        3.5090        4.0820        0.8160 
   7     N        1.9690        5.3500       -0.2310 
   1    HN        1.0210        5.3460       -0.5390 
   6    CA        3.0300        6.2220       -0.9250 
   1    HA        3.8150        6.5440       -0.2570 
   6    CB        3.5790        5.5010       -2.0850 
   1    HB        3.7750        4.4580       -1.7550 
   8   OG1        4.7430        6.0830       -2.5680 
   1   HG1        5.2280        5.2620       -2.6730 
   6   CG2        2.5480        5.3120       -3.1970 
   1  HG21        3.0550        4.9480       -4.1160 
   1  HG22        1.6670        4.6830       -2.9500 
   1  HG23        2.0330        6.2430       -3.5190 
   6     C        2.3420        7.4960       -1.3690 
   8     O        1.0900        7.5220       -1.4430 
   7     N        3.0280        8.5860       -1.7220 
   1    HN        4.0050        8.6940       -1.5580 
   6    CA        2.4540        9.7210       -2.4240 
   1    HA        1.4170        9.7900       -2.1310 
   6    CB        2.9590       11.0870       -1.9340 
   1   HB1        2.6050       11.2180       -0.8890 
   1   HB2        4.0630       10.9630       -1.9150 
   6    CG        2.6610       12.2910       -2.8010 
   6   CD1        3.4160       13.1060       -3.6600 
   1   HD1        4.3610       12.9640       -4.1630 
   7   NE1        2.6290       14.0750       -4.1440 
   1   HE1        2.9020       14.6400       -4.8910 
   6   CE2        1.4490       14.0750       -3.5400 
   6   CD2        1.3960       12.9330       -2.6640 
   6   CE3        0.2460       12.5890       -1.9440 
   1   HE3        0.2420       11.7540       -1.2590 
   6   CZ3       -0.8050       13.4960       -2.0030 
   1   HZ3       -1.7000       13.3000       -1.4310 
   6   CZ2        0.2900       14.8580       -3.6690 
   1   HZ2        0.3060       15.6850       -4.3640 
   6   CH2       -0.8440       14.5920       -2.8720 
   1   HH2       -1.7170       15.2160       -2.9920 
   6     C        2.6550        9.5530       -3.9250 
   8     O        3.7700        9.2720       -4.4140 
   6     C        0.3730       10.8600       -6.4990 
   8     O       -0.4650       10.6140       -7.3310 
   7    NT        0.3410       12.0080       -5.7950 
   1   HT1       -0.4610       12.5720       -5.9940 
   1   HT2        1.0840       12.2820       -5.1840 
   7     N        1.4800        9.5730       -4.6180 
   1    HN        0.5960        9.6640       -4.1680 
   6    CA        1.4460        9.7940       -6.0790 
   1    HA        2.3600       10.2950       -6.3610 
   6    CB        1.3140        8.4660       -6.8950 
   1   HB1        0.2550        8.1370       -6.9510 
   1   HB2        1.4800        8.7240       -7.9630 
   6    CG        2.3040        7.3250       -6.5690 
   1   HG1        2.4580        7.1310       -5.4860 
   1   HG2        1.9050        6.3360       -6.8810 
   6    CD        3.7550        7.5380       -7.1950 
   1   HD1        3.7230        7.6620       -8.2980 
   1   HD2        4.2470        8.4330       -6.7570 
   6    CE        4.5830        6.2750       -6.8610 
   1   HE1        3.8700        5.4370       -7.0170 
   1   HE2        5.3640        6.1500       -7.6410 
   7    NZ        5.0660        6.3710       -5.4540 
   1   HZ1        5.0960        5.3700       -5.1770 
   1   HZ2        6.0630        6.6640       -5.4010 
   1   HZ3        4.4990        6.9500       -4.8020 

